0.023711729049682616
0.04127650260925293
0.06337959766387939
0.14413053989410402
0.06877124309539795
0.2582329511642456
0.2701971769332886
1.1052274703979492
0.02377429008483887
0.16853721141815187
0.5867992877960205
0.7949994564056396
1.4359254121780396
2.051543664932251
4.585989952087402
8.030415630340576
0.025810766220092773
0.17763285636901854
3.136335515975952
5.867350673675537
10.446701335906983
21.099362945556642
36.23655488491058
74.39016902446747
0.03052859306335449
0.19005944728851318
3.0458606243133546
7.521961402893067
15.54023220539093
31.935637378692626
63.552335548400876
131.2715782403946
